
 #Temperature(K) Mole_per_cc 
   499.000000       9.49638546E-04
   500.000000       1.02580746E-03
   501.000000       1.10197649E-03
   502.000000       1.17814541E-03
   503.000000       1.25431444E-03
   504.000000       1.33048336E-03
   505.000000       1.40665239E-03
   506.000000       1.48282130E-03
   507.000000       1.55899022E-03
   508.000000       1.63515925E-03
   509.000000       1.71132828E-03
   510.000000       1.78749720E-03
   511.000000       1.86366611E-03
   512.000000       1.93983503E-03
   513.000000       2.01600417E-03
   514.000000       2.09217286E-03
   515.000000       2.16834201E-03
   516.000000       2.24451092E-03
   517.000000       2.32067984E-03
   518.000000       2.39684898E-03
   519.000000       2.47301790E-03
   520.000000       2.54918681E-03
   521.000000       2.62535596E-03
   522.000000       2.70152465E-03
   523.000000       2.77769379E-03
   524.000000       2.85386271E-03
   525.000000       2.93003162E-03
   526.000000       3.00620077E-03
   527.000000       3.08236945E-03
   528.000000       3.15853860E-03
   529.000000       3.23470775E-03
   530.000000       3.31087643E-03
   531.000000       3.38704558E-03
   532.000000       3.46321426E-03
   533.000000       3.53938341E-03
   534.000000       3.61555256E-03
   535.000000       3.69172124E-03
   536.000000       3.76789039E-03
   537.000000       3.84405907E-03
   538.000000       3.92022822E-03
   539.000000       3.99639737E-03
   540.000000       4.07256605E-03
   541.000000       4.14873520E-03
   542.000000       4.22490388E-03
   543.000000       4.30107303E-03
   544.000000       4.37724218E-03
   545.000000       4.45341086E-03
   546.000000       4.52958001E-03
   547.000000       4.60574869E-03
   548.000000       4.68191784E-03
   549.000000       4.75808699E-03
   550.000000       4.83425567E-03
   551.000000       4.91042482E-03
   552.000000       4.98659350E-03
   553.000000       5.06276265E-03
   554.000000       5.13893133E-03
   555.000000       5.21510048E-03
   556.000000       5.29126963E-03
   557.000000       5.36743831E-03
   558.000000       5.44360746E-03
   559.000000       5.51977661E-03
   560.000000       5.59594529E-03
   561.000000       5.67211444E-03
   562.000000       5.74828312E-03
   563.000000       5.82445227E-03
   564.000000       5.90062141E-03
   565.000000       5.97679010E-03
   566.000000       6.05295924E-03
   567.000000       6.12912793E-03
   568.000000       6.20529708E-03
   569.000000       6.28146622E-03
   570.000000       6.35763491E-03
   571.000000       6.43380405E-03
   572.000000       6.50997274E-03
   573.000000       6.58614188E-03
   574.000000       6.66231103E-03
   575.000000       6.73847971E-03
   576.000000       6.81464886E-03
   577.000000       6.89081801E-03
   578.000000       6.96698669E-03
   579.000000       7.04315584E-03
   580.000000       7.11932452E-03
   581.000000       7.19549367E-03
   582.000000       7.27166282E-03
   583.000000       7.34783150E-03
   584.000000       7.42400065E-03
   585.000000       7.50016933E-03
   586.000000       7.57633848E-03
   587.000000       7.65250763E-03
   588.000000       7.72867631E-03
   589.000000       7.80484546E-03
   590.000000       7.88101461E-03
   591.000000       7.95718376E-03
   592.000000       8.03335290E-03
   593.000000       8.10952112E-03
   594.000000       8.18569027E-03
   595.000000       8.26185942E-03
   596.000000       8.33802857E-03
   597.000000       8.41419771E-03
   598.000000       8.49036593E-03
   599.000000       8.56653508E-03
   600.000000       8.64270423E-03
   601.000000       8.71887337E-03
   602.000000       8.79504252E-03
   603.000000       8.87121074E-03
   604.000000       8.94737989E-03
   605.000000       9.02354904E-03
   606.000000       9.09971818E-03
   607.000000       9.17588640E-03
   608.000000       9.25205555E-03
   609.000000       9.32822470E-03
   610.000000       9.40439384E-03
   611.000000       9.48056299E-03
   612.000000       9.55673121E-03
   613.000000       9.63290036E-03
   614.000000       9.70906951E-03
   615.000000       9.78523865E-03
   616.000000       9.86140780E-03
   617.000000       9.93757602E-03
   618.000000       1.00137452E-02
   619.000000       1.00899143E-02
   620.000000       1.01660835E-02
   621.000000       1.02422526E-02
   622.000000       1.03184208E-02
   623.000000       1.03945900E-02
   624.000000       1.04707591E-02
   625.000000       1.05469283E-02
   626.000000       1.06230974E-02
   627.000000       1.06992656E-02
   628.000000       1.07754348E-02
   629.000000       1.08516039E-02
   630.000000       1.09277731E-02
   631.000000       1.10039422E-02
   632.000000       1.10801114E-02
   633.000000       1.11562796E-02
   634.000000       1.12324487E-02
   635.000000       1.13086179E-02
   636.000000       1.13847870E-02
   637.000000       1.14609562E-02
   638.000000       1.15371244E-02
   639.000000       1.16132936E-02
   640.000000       1.16894627E-02
   641.000000       1.17656318E-02
   642.000000       1.18418010E-02
   643.000000       1.19179692E-02
   644.000000       1.19941384E-02
   645.000000       1.20703075E-02
   646.000000       1.21464767E-02
   647.000000       1.22226458E-02
   648.000000       1.22988140E-02
   649.000000       1.23749832E-02
   650.000000       1.24511523E-02
   651.000000       1.25273215E-02
   652.000000       1.26034906E-02
   653.000000       1.26796588E-02
   654.000000       1.27558280E-02
   655.000000       1.28319971E-02
   656.000000       1.29081663E-02
   657.000000       1.29843354E-02
   658.000000       1.30605036E-02
   659.000000       1.31366728E-02
   660.000000       1.32128419E-02
   661.000000       1.32890111E-02
   662.000000       1.33651802E-02
   663.000000       1.34413484E-02
   664.000000       1.35175176E-02
   665.000000       1.35936867E-02
   666.000000       1.36698559E-02
   667.000000       1.37460250E-02
   668.000000       1.38221933E-02
   669.000000       1.38983624E-02
   670.000000       1.39745316E-02
   671.000000       1.40507007E-02
   672.000000       1.41268698E-02
   673.000000       1.42030390E-02
   674.000000       1.42792072E-02
   675.000000       1.43553764E-02
   676.000000       1.44315455E-02
   677.000000       1.45077147E-02
   678.000000       1.45838838E-02
   679.000000       1.46600520E-02
   680.000000       1.47362212E-02
   681.000000       1.48123903E-02
   682.000000       1.48885595E-02
   683.000000       1.49647286E-02
   684.000000       1.50408968E-02
   685.000000       1.51170660E-02
   686.000000       1.51932351E-02
   687.000000       1.52694043E-02
   688.000000       1.53455734E-02
   689.000000       1.54217416E-02
   690.000000       1.54979108E-02
   691.000000       1.55740799E-02
   692.000000       1.56502500E-02
   693.000000       1.57264192E-02
   694.000000       1.58025865E-02
   695.000000       1.58787556E-02
   696.000000       1.59549247E-02
   697.000000       1.60310939E-02
   698.000000       1.61072630E-02
   699.000000       1.61834322E-02
   700.000000       1.62596013E-02
   701.000000       1.63357705E-02
   702.000000       1.64119396E-02
   703.000000       1.64881088E-02
   704.000000       1.65642761E-02
   705.000000       1.66404452E-02
   706.000000       1.67166144E-02
   707.000000       1.67927835E-02

